terr2=[0     0     0     0     0     0     0     0     0     0     0     0     0     0;
      0     2    48   124   118   110    92    92    56     6     10     30     30     0;
      0     8   160   200   250   200   150   200   150    64     20     60     20     0;
      0     2   114   250   260   250   250   194    98    10     10     30     10     0;
      0     0    18   128   196   112    90     50     0     0     0     0     0     0;
      0     0     0     0    50    52    34    12    88   190   152    32     0     0;
      0     0     0    24   168   260   128    92   220   340   300   190    20     0;
      0     0     0    20   126   156    46    42   162   150   160   156    30     0;
      0     0     0     0     0     0     0     0     0     30     40     30     0     0;
      0     0     0     0     0     0     0     0     0     0     0     0     0     0];